404
363
301
493
469
483
352
307
458
450
400
470
409
452
443
437
414
391
395
277
495
278
306
500
368
341
267
373
499
359
401
494
337
486
348
265
400
424
435
402
286
331
462
378
428
377
398
363
350
466
385
442
455
371
414
378
307
432
296
440
488
262
447
497
381
402
355
255
496
357
436
347
480
425
260
260
454
329
493
485
387
376
318
459
316
263
319
395
325
397
406
479
476
291
301
337
459
492
442
268
256
285
299
269
252
297
376
412
362
492
295
355
254
429
462
297
421
269
388
294
433
423
427
259
290
368
332
287
376
454
289
422
384
381
457
472
338
452
480
279
403
362
482
279
356
326
420
341
416
498
312
254
360
257
262
416
389
349
307
387
332
280
273
396
441
403
500
400
353
267
267
407
423
307
469
347
263
311
377
360
328
486
293
405
296
383
311
404
343
332
407
394
371
480
391
261
418
478
327
367
289
425
326
324
377
473
359
467
441
314
313
267
452
379
327
311
306
318
307
262
291
489
408
427
478
407
406
428
319
419
437
260
330
487
466
446
319
458
312
289
491
280
306
439
389
285
312
306
435
500
375
374
413
450
268
280
432
295
498
350
422
395
407
432
399
378
327
417
432
328
401
385
316
379
331
269
426
466
496
350
492
279
354
322
263
473
358
417
374
433
317
446
350
452
431
494
368
302
432
251
478
393
328
476
441
279
382
376
442
371
419
399
328
317
343
449
377
476
461
482
379
455
484
268
287
484
259
462
353
345
380
449
404
343
312
440
432
475
319
434
441
405
304
267
486
445
396
287
259
492
472
352
389
376
475
488
343
387
456
332
444
424
401
447
412
453
414
438
353
370
350
493
443
439
396
458
496
254
323
446
435
402
318
307
497
429
259
340
499
385
355
420
299
345
445
344
375
422
401
302
254
383
453
415
417
333
251
477
279
461
297
355
415
277
491
428
353
453
265
416
273
326
454
446
350
494
316
283
390
267
460
273
420
462
364
495
452
437
497
479
344
358
452
326
282
265
268
495
394
261
470
409
337
370
490
342
344
271
491
475
288
478
314
431
378
495
362
301
361
315
466
350
341
493
498
372
450
493
462
490
294
330
315
470
352
322
426
454
315
429
489
285
441
491
313
360
282
410
351
313
410
493
477
458
314
366
267
329
326
270
384
324
350
295
462
269
267
387
418
457
346
257
421
372
273
353
405
421
285
486
255
275
350
496
251
349
325
382
400
278
425
285
316
408
333
283
336
374
461
329
410
498
290
362
362
388
460
341
499
262
260
325
253
463
461
456
427
495
271
353
293
490
398
298
478
495
423
469
299
497
368
414
345
305
427
251
411
399
303
252
464
269
330
284
404
366
441
319
447
399
291
389
287
390
270
299
290
357
492
349
263
340
334
323
288
352
469
463
264
293
487
450
311
374
457
451
495
327
450
322
371
338
476
342
491
489
404
489
340
326
476
464
276
399
261
420
496
444
370
309
415
349
394
453
310
308
273
324
331
407
421
301
281
477
445
301
416
294
362
280
421
392
256
445
462
466
361
270
411
330
297
307
446
281
319
314
472
376
396
254
439
293
402
302
346
481
294
432
321
328
335
482
480
498
326
259
480
279
392
424
400
251
422
356
497
292
282
336
411
386
497
408
302
434
464
310
479
441
387
327
345
257
328
361
384
422
491
441
346
409
489
267
351
487
364
477
405
444
282
305
383
314
291
349
498
423
285
341
426
472
296
395
387
481
265
474
294
442
412
395
488
445
290
406
409
371
400
479
449
267
282
487
458
258
465
324
361
420
376
278
479
343
409
359
346
446
496
331
306
426
324
417
449
408
377
470
477
336
488
270
433
370
384
400
274
328
358
439
311
330
327
446
396
458
322
267
498
277
256
453
292
442
383
493
438
261
468
493
414
307
499
408
442
256
312
405
401
442
296
461
294
289
328
418
491
340
441
398
436
419
391
498
268
487
273
295
420
280
418
319
483
498
333
474
489
308
500
476
474
318
348
456
407
452
498
361
334
254
427
466
427
263
320
399
297
352
435
419
294
339
425
316
300
394
358
364
363
288
261
443
453
495
305
412
359
420
326
266
434
361
387
321
290
432
440
308
455
264
380
252
340
457
283
457
480
485
333
419
331
368
352
389
423
336
304
300
403
411
312
296
283
285
261
405
268
390
478
269
355
483
254
278
283
263
315
303
458
263
392
461
474
466
360
266
446
295
495
434
445
498
424
326
283
400
276
421
307
325
288
400
309
485
370
256
262
358
447
364
254
275
