101
39
242
203
232
40
43
116
48
203
201
56
170
81
123
22
240
206
58
206
111
187
19
145
23
179
214
94
240
92
103
94
35
222
75
175
113
159
106
218
186
32
8
76
245
107
159
93
200
1
243
189
164
90
216
230
112
152
38
227
216
182
242
157
227
84
27
149
197
165
143
144
163
1
19
74
11
119
242
49
179
96
154
64
36
153
47
195
152
60
46
229
66
184
154
5
101
93
41
215
26
230
159
209
250
96
61
133
107
104
189
37
35
227
166
156
161
232
232
45
171
249
24
124
110
56
44
199
171
63
135
108
127
58
17
181
85
60
108
56
108
129
193
63
131
147
33
218
163
236
180
227
183
239
168
21
36
74
4
202
249
93
135
56
153
240
30
102
144
114
176
209
47
135
50
81
184
106
192
152
155
98
248
151
146
38
79
11
100
145
136
231
84
53
53
99
125
197
108
120
162
136
62
20
140
195
208
78
36
86
58
112
224
129
44
57
12
114
78
138
128
161
241
80
195
24
247
108
118
185
220
210
50
119
187
160
33
144
100
91
100
44
174
214
25
148
81
250
112
112
98
117
68
123
154
28
194
87
165
26
165
217
212
173
206
186
238
107
209
129
9
19
139
124
225
202
158
30
129
10
98
121
190
128
52
150
151
89
231
238
20
97
13
73
149
233
55
105
249
123
242
91
205
132
154
230
32
20
64
108
185
77
151
42
95
242
124
57
174
111
88
28
50
49
186
129
173
185
82
113
122
86
57
109
8
172
250
9
87
68
90
8
153
36
176
57
88
22
157
237
222
206
51
230
125
141
239
181
151
188
147
158
77
229
228
97
40
154
14
77
12
98
193
191
129
17
17
163
176
116
18
230
148
81
241
184
7
106
77
149
67
106
229
210
109
77
148
19
10
211
108
12
71
150
135
38
3
131
69
137
96
205
78
114
242
207
51
111
102
130
10
43
156
208
163
193
188
162
184
241
182
205
212
83
228
99
182
78
18
22
160
36
20
54
212
5
87
182
29
207
25
185
18
84
94
194
167
107
232
215
205
191
186
148
169
21
3
118
97
131
246
234
100
95
139
129
68
74
43
112
49
168
51
155
124
236
233
148
213
53
76
30
63
230
238
49
195
237
17
16
170
221
44
221
9
246
239
199
8
57
245
99
41
122
185
202
149
231
11
166
202
211
29
183
162
104
248
8
208
238
204
54
245
206
153
186
186
155
81
4
126
244
3
68
217
177
208
155
183
190
177
220
223
141
46
200
62
176
117
193
149
240
141
154
70
37
218
213
115
55
234
137
14
221
123
9
130
42
55
20
240
122
155
24
145
32
235
12
105
195
190
113
219
185
195
15
49
205
167
161
241
67
82
161
33
47
92
57
179
145
147
167
96
65
144
131
91
78
244
143
173
176
196
53
124
121
105
153
176
43
184
15
144
126
184
176
240
6
145
215
206
189
92
144
99
240
246
180
53
22
46
18
210
12
249
51
92
179
93
119
151
14
22
205
25
6
215
6
249
89
22
169
239
62
58
42
99
206
68
184
181
48
232
219
193
16
61
85
169
27
226
166
147
205
74
220
147
231
176
35
222
153
246
197
122
94
176
24
195
247
92
179
209
170
150
166
68
196
190
226
97
157
184
91
183
216
131
119
123
181
83
27
154
186
7
25
147
139
107
228
237
130
249
119
16
96
153
34
235
17
21
98
19
25
139
236
6
75
184
49
214
21
120
180
201
104
129
174
114
172
169
198
112
5
91
132
74
70
155
72
51
126
163
238
49
12
150
209
79
30
211
122
164
116
198
102
145
46
63
79
87
144
73
54
176
187
226
249
51
52
225
73
195
105
8
233
128
192
166
107
214
179
43
192
99
15
14
59
204
249
5
24
246
113
223
209
137
88
15
29
187
91
162
152
233
145
83
147
10
237
201
86
29
42
162
107
183
106
128
83
190
223
163
178
117
44
65
5
160
102
246
30
67
133
135
146
223
207
239
118
3
172
198
188
243
144
74
112
109
113
145
174
40
20
40
223
82
18
74
229
98
161
189
16
176
212
234
53
145
60
3
116
47
96
45
247
9
236
213
137
82
19
72
194
236
35
63
62
129
88
37
44
219
148
141
147
132
87
19
65
111
100
245
18
174
19
147
218
172
225
41
160
166
238
47
13
180
235
164
114
80
248
108
226
201
236
149
233
164
106
191
157
159
113
180
131
200
59
68
15
246
89
3
225
7
34
133
210
6
27
243
143
165
11
54
113
160
77
73
165
