51
64
94
84
83
86
97
77
94
54
69
53
91
65
58
90
80
79
54
59
57
74
79
67
81
97
81
80
60
70
51
53
57
75
60
81
55
94
90
55
85
51
72
63
92
100
73
92
60
52
51
82
51
69
89
80
75
55
67
67
60
75
94
64
53
100
96
59
94
53
77
78
71
74
63
66
78
62
50
68
100
59
72
54
86
66
95
88
84
98
99
53
75
57
61
52
55
53
100
63
56
63
72
75
59
71
87
80
81
85
76
65
97
83
69
94
76
53
69
55
84
79
69
51
74
66
58
63
82
70
99
65
77
60
85
54
93
98
90
75
94
58
70
83
78
60
96
69
66
87
82
57
70
88
93
88
69
81
51
93
96
92
73
80
72
56
98
61
81
85
87
89
78
68
74
56
94
56
53
90
100
97
76
94
100
62
59
53
62
70
67
94
62
100
62
76
67
72
91
56
