16
19
5
10
7
2
10
22
6
6
6
12
24
21
25
11
18
25
12
25
1
2
20
5
16
4
24
12
4
14
10
2
7
24
1
4
17
8
7
22
19
17
25
23
10
2
20
3
14
10
20
12
8
20
6
18
17
25
17
4
3
14
7
13
9
21
9
15
19
14
15
13
18
12
6
23
16
24
18
25
7
14
15
25
14
1
22
23
15
5
22
19
12
24
7
23
16
23
21
25
13
5
12
21
19
24
14
22
5
6
18
23
17
25
3
10
2
20
3
21
16
1
2
15
12
25
5
15
14
19
3
16
20
10
18
6
22
18
20
18
2
13
19
3
16
6
1
2
4
5
18
12
12
6
15
23
21
2
20
11
7
6
21
17
18
3
16
22
13
19
13
15
17
23
23
8
1
6
14
6
2
11
21
5
19
18
24
16
19
12
24
12
9
1
24
7
24
15
15
5
