156
211
70
68
149
129
157
84
135
213
106
242
116
33
204
105
122
96
247
199
190
142
217
52
160
214
83
64
212
53
31
62
101
117
146
237
226
130
197
146
122
126
76
143
78
126
152
77
250
107
67
145
54
13
74
174
44
31
241
101
117
175
210
16
132
40
249
161
18
106
6
203
249
201
128
105
228
224
89
127
139
84
131
163
59
244
144
17
174
250
21
121
105
78
191
122
148
26
162
226
136
155
86
234
239
168
53
219
23
234
79
172
11
88
175
12
94
65
151
22
117
80
209
121
123
118
210
196
236
250
102
150
238
151
172
240
70
93
10
52
211
81
154
141
169
236
193
71
181
187
225
96
205
95
169
210
102
247
204
63
1
185
178
229
47
74
53
20
39
190
162
66
78
137
172
143
77
235
141
228
123
223
5
156
18
221
25
117
71
72
75
42
171
68
50
240
228
249
130
192
133
173
203
70
27
197
199
232
236
139
102
117
42
230
179
247
204
179
163
106
51
187
44
237
109
71
40
22
185
154
220
133
148
78
90
177
248
108
44
42
208
73
71
171
37
50
98
116
171
233
209
34
241
10
154
51
170
208
46
221
56
62
121
119
213
246
119
212
155
190
124
191
243
201
132
241
39
233
121
46
98
97
16
120
46
229
159
84
73
26
215
100
64
246
11
188
167
248
186
195
109
129
25
185
249
199
237
136
87
218
184
145
152
77
66
210
84
207
62
132
105
71
202
244
200
37
172
207
120
44
152
45
231
108
226
124
56
100
33
169
199
2
128
66
114
67
184
11
113
49
93
202
23
235
145
15
92
96
189
106
205
73
215
212
84
52
74
2
63
93
13
243
246
210
9
201
150
6
48
184
197
199
142
162
44
85
111
134
35
30
113
239
8
222
201
132
114
110
157
42
200
109
83
98
55
134
161
229
241
82
184
230
174
178
97
161
98
151
191
30
160
180
12
125
236
188
232
94
235
6
98
96
230
142
111
140
119
179
185
130
65
50
181
33
9
19
100
26
105
30
90
218
235
117
174
59
78
136
177
100
127
241
220
25
176
62
221
135
227
194
201
18
62
13
203
9
25
236
31
127
154
33
107
227
67
229
16
8
31
6
48
236
221
93
250
233
235
11
15
224
