26
67
192
185
62
149
198
45
237
244
90
139
103
132
247
225
219
195
94
129
87
217
229
193
62
113
190
248
207
66
58
60
112
41
179
231
245
232
79
16
25
152
140
98
179
232
194
126
238
178
97
172
60
22
91
27
127
69
225
108
141
175
129
222
19
88
70
22
39
176
109
232
246
27
31
67
173
189
223
89
157
88
223
31
115
193
200
159
40
60
114
147
22
196
43
99
102
242
127
231
69
186
95
203
42
183
186
243
158
63
147
49
131
17
103
170
108
234
200
178
174
100
214
180
216
86
111
175
73
7
147
55
227
62
28
199
69
154
4
40
78
142
68
135
124
14
22
130
174
79
160
126
139
6
227
187
237
245
228
28
108
46
22
108
21
172
2
203
239
30
234
99
47
56
33
200
79
161
84
121
16
170
96
185
168
226
172
61
149
5
113
126
24
145
133
10
33
133
201
196
94
157
202
18
41
218
184
212
32
227
133
114
57
36
171
134
3
215
160
214
21
183
18
53
133
179
32
76
58
112
91
53
193
165
76
16
239
126
202
28
220
104
190
95
92
8
108
51
122
183
128
50
189
109
13
2
107
227
27
15
178
243
241
125
62
222
33
21
223
27
127
242
28
88
56
51
98
102
242
156
72
126
151
46
178
58
63
24
107
225
205
95
195
17
80
162
16
158
38
217
151
191
80
112
229
14
105
142
69
61
149
143
182
30
246
63
26
135
148
82
244
179
147
79
200
209
152
31
45
218
95
98
213
125
73
111
77
94
21
186
113
198
235
194
73
194
76
131
230
6
230
81
198
90
4
131
72
230
27
88
74
33
120
131
105
16
144
232
151
179
141
245
196
119
209
211
1
133
82
217
91
52
180
31
159
71
96
31
207
64
126
105
225
44
116
169
219
171
173
204
170
9
71
94
165
72
49
84
142
152
162
63
127
140
127
179
203
82
160
204
138
222
237
71
156
227
250
34
94
37
104
179
112
242
220
144
12
183
2
138
44
128
199
58
187
149
95
38
33
221
175
12
20
118
209
225
206
143
246
113
190
61
106
184
30
154
232
108
177
112
98
174
16
12
113
16
31
8
59
181
3
28
220
211
215
45
60
60
227
63
22
42
181
102
125
143
215
36
46
78
